1 249 597 20 15
2 192 174 10 21
3 734 527 23 10
4 165 232 27 27
5 834 22 17 12
6 558 963 18 26
7 88 870 13 10
8 877 380 20 13
9 431 810 12 22
10 359 82 26 23
11 466 394 24 26
12 90 393 24 17
13 166 192 14 17
14 939 687 11 27
15 491 18 11 18
16 124 106 16 22
17 595 627 17 20
18 596 781 27 28
19 458 527 24 10
20 615 401 11 8
21 724 287 15 24
22 274 692 18 14
23 557 102 28 13
24 797 403 29 10
25 473 655 12 29
26 300 959 19 24
27 416 724 26 29
28 684 176 28 19
29 296 109 10 14
30 148 191 19 24
31 878 716 10 29
32 951 234 25 29
33 111 385 13 22
34 224 716 11 16
35 919 236 20 15
36 202 499 15 11
37 790 13 11 24
38 229 891 12 19
39 717 434 17 26
40 294 642 10 15
41 427 693 18 21
42 125 763 13 18
43 122 217 14 14
44 274 253 27 25
45 613 19 21 23
46 57 45 14 12
47 324 512 28 19
48 966 949 24 18
49 214 149 17 15
50 261 636 22 10
51 882 809 28 27
52 610 801 16 11
53 830 568 12 3
54 228 904 16 11
55 798 573 17 22
56 338 652 27 13
57 71 514 28 20
58 302 337 16 11
59 619 348 11 10
60 198 655 13 18
61 565 857 29 27
62 758 353 15 16
63 923 531 19 15
64 475 180 17 20
65 418 943 25 16
66 304 194 10 21
67 213 505 24 13
68 240 345 19 29
69 261 356 18 21
70 304 572 12 18
71 234 57 12 19
72 896 417 14 23
73 218 940 19 26
74 610 129 13 22
75 836 802 23 15
76 781 268 26 28
77 183 230 23 27
78 213 223 18 3
79 591 931 16 21
80 940 333 12 25
81 205 618 26 13
82 173 277 15 19
83 259 601 22 13
84 10 581 26 12
85 229 161 13 11
86 321 581 11 17
87 111 508 18 23
88 191 572 17 12
89 134 796 22 12
90 977 643 3 5
91 387 574 27 24
92 634 152 21 18
93 69 265 15 25
94 111 386 10 29
95 239 943 29 13
96 604 606 24 24
97 33 419 23 29
98 752 736 26 12
99 646 46 11 21
100 140 61 20 18
101 960 105 21 28
102 933 885 13 21
103 53 51 13 21
104 776 5 15 17
105 440 907 28 19
106 268 315 17 17
107 150 176 18 22
108 555 336 13 29
109 552 307 29 22
110 193 190 18 27
111 531 33 22 28
112 786 516 26 19
113 61 480 22 24
114 117 675 28 16
115 5 151 10 18
116 700 74 10 25
117 315 641 24 16
118 273 805 12 25
119 924 526 24 12
120 58 79 29 21
121 624 191 20 23
122 180 432 26 27
123 275 205 16 21
124 726 980 11 16
125 154 198 14 23
126 152 192 15 15
127 820 541 17 26
128 896 173 28 29
129 769 608 25 13
130 736 263 22 13
131 521 597 16 12
132 121 477 15 18
133 143 34 15 12
134 208 715 16 18
135 557 521 23 14
136 274 814 27 11
137 154 542 14 19
138 588 902 28 15
139 322 351 28 25
140 156 799 27 28
141 635 324 21 22
142 488 564 13 25
143 763 882 27 16
144 9 718 16 22
145 145 772 14 22
146 108 396 15 24
147 417 826 15 16
148 366 36 15 13
149 106 961 19 22
150 810 224 18 28
151 30 456 12 22
152 974 636 12 21
153 114 104 14 12
154 114 183 29 23
155 514 13 18 14
156 64 571 11 25
157 774 276 15 19
158 950 229 28 29
159 722 154 20 20
160 30 575 16 24
161 802 607 28 23
162 425 944 23 11
163 226 945 25 20
164 218 194 12 12
165 880 386 5 9
166 46 593 14 10
167 550 746 13 20
168 592 328 22 22
169 131 608 29 21
170 371 248 22 24
171 159 177 23 23
172 274 409 16 23
173 301 577 11 15
174 130 167 16 20
175 301 814 18 11
176 893 413 24 15
177 266 316 23 17
178 860 491 24 29
179 708 737 24 20
180 625 250 16 25
181 902 420 27 25
182 152 76 14 19
183 492 166 8 14
184 182 367 17 21
185 226 605 28 16
186 544 365 20 27
187 69 672 24 26
188 354 775 29 15
189 821 715 10 27
190 763 436 27 18
191 259 273 9 11
192 562 554 19 27
193 571 770 14 23
194 593 81 11 5
195 59 187 16 15
196 235 69 18 23
197 381 34 11 23
198 58 621 25 15
199 812 985 25 10
200 146 657 18 24
201 144 132 25 22
202 570 791 12 15
203 663 490 24 12
204 642 180 16 22
205 124 293 12 27
206 815 137 28 18
207 16 880 27 28
208 230 365 28 22
209 230 782 14 13
210 969 108 5 15
211 862 726 23 27
212 858 135 23 10
213 853 588 12 24
214 430 311 26 16
215 814 207 29 29
216 618 653 14 25
217 664 101 16 23
218 703 285 27 23
219 825 438 23 16
220 265 725 27 20
221 18 561 28 24
222 469 252 17 11
223 388 520 29 16
224 382 492 15 29
225 452 449 26 13
226 72 803 23 17
227 652 84 7 15
228 27 205 20 25
229 330 74 19 17
230 805 24 25 14
231 405 578 18 21
232 242 393 27 26
233 216 606 22 11
234 734 870 18 14
235 780 737 14 27
236 154 502 4 10
237 912 536 22 13
238 365 413 19 10
239 85 859 11 12
240 973 708 27 14
241 193 149 29 26
242 958 418 14 28
243 818 875 19 14
244 345 0 10 21
245 641 182 26 17
246 694 276 26 14
247 563 413 12 16
248 303 702 24 27
249 131 145 17 24
250 298 135 19 27
251 87 306 10 14
252 178 180 11 15
253 39 587 25 15
254 391 61 27 28
255 840 758 13 14
256 406 714 12 25
257 385 184 16 23
258 448 913 26 26
259 847 117 26 22
260 956 371 12 24
261 600 964 29 11
262 217 519 20 24
263 75 805 4 12
264 137 452 10 15
265 406 299 24 14
266 48 871 23 14
267 571 234 23 24
268 134 745 28 27
269 739 155 28 25
270 349 784 12 25
271 653 953 14 21
272 122 561 19 11
273 195 373 18 29
274 290 90 22 23
275 829 493 27 18
276 929 536 13 13
277 82 23 23 27
278 53 846 21 10
279 365 656 13 16
280 274 79 21 17
281 535 193 16 27
282 969 552 16 27
283 278 116 29 12
284 111 173 21 23
285 3 568 17 10
286 425 567 17 21
287 447 436 27 20
288 8 129 20 15
289 477 133 14 10
290 261 948 6 4
291 339 833 19 15
292 596 665 20 12
293 638 255 16 13
294 488 164 19 20
295 761 106 17 23
296 799 25 27 13
297 277 172 23 28
298 1 555 23 28
299 262 141 10 25
300 530 231 11 17
301 311 587 13 11
302 95 343 13 14
303 27 755 27 26
304 63 605 20 24
305 502 678 22 25
306 963 451 13 11
307 391 346 13 24
308 299 192 15 19
309 330 9 23 22
310 111 351 10 10
311 204 7 16 12
312 646 296 11 14
313 273 744 14 15
314 229 296 17 21
315 644 214 29 11
316 799 403 29 14
317 565 794 24 19
318 91 348 23 24
319 557 164 24 29
320 146 533 16 25
321 629 963 13 15
322 710 385 20 10
323 420 832 18 17
324 24 400 24 26
325 662 52 17 18
326 826 550 21 11
327 172 790 14 24
328 41 534 19 26
329 450 277 26 26
330 770 624 19 11
331 871 936 10 20
332 824 265 21 10
333 297 88 13 19
334 18 538 13 16
335 289 182 20 25
336 722 234 14 18
337 673 405 29 27
338 816 348 27 29
339 398 52 17 14
340 146 893 18 20
341 241 552 24 21
342 728 388 14 23
343 81 250 18 16
344 654 501 19 19
345 349 422 19 24
346 66 39 19 15
347 560 238 21 14
348 753 434 17 10
349 191 199 18 16
350 131 188 28 16
351 582 356 18 19
352 324 92 15 10
353 955 256 11 29
354 920 449 17 16
355 308 357 11 19
356 827 903 19 27
357 447 158 16 11
358 361 749 25 25
359 159 649 22 26
360 197 732 22 13
361 858 889 13 19
362 869 800 25 11
363 967 687 29 29
364 219 404 14 22
365 878 735 28 16
366 848 374 12 19
367 521 523 24 24
368 147 893 17 12
369 84 157 21 20
370 369 135 21 17
371 262 138 16 20
372 402 930 21 29
373 306 90 27 24
374 256 622 3 5
375 250 875 23 23
376 925 694 12 16
377 169 167 23 16
378 876 448 28 17
379 924 284 25 29
380 598 253 13 18
381 198 248 21 27
382 638 842 22 24
383 398 733 19 27
384 542 56 14 12
385 257 424 14 10
386 308 337 22 27
387 504 448 14 16
388 456 922 29 21
389 155 88 20 24
390 9 706 25 24
391 645 357 28 15
392 34 699 12 22
393 851 621 10 17
394 653 854 21 11
395 294 736 13 23
396 407 573 26 17
397 823 418 19 24
398 315 365 15 16
399 282 185 26 14
400 602 907 22 20
401 336 783 26 17
402 546 328 15 11
403 848 488 29 20
404 6 499 12 23
405 861 629 22 24
406 28 209 25 28
407 221 738 23 20
408 306 758 19 28
409 154 521 21 24
410 830 269 18 18
411 594 905 28 13
412 261 810 24 26
413 633 40 16 12
414 326 351 10 22
415 261 912 23 21
416 882 470 20 18
417 774 31 29 10
418 809 921 25 21
419 840 537 10 21
420 737 802 21 29
421 539 976 29 19
422 611 124 23 13
423 70 592 26 29
424 617 965 11 11
425 799 32 18 23
426 281 725 13 20
427 959 678 29 15
428 862 874 22 29
429 759 667 22 24
430 66 400 10 10
431 126 242 21 18
432 835 385 27 21
433 343 737 10 20
434 970 280 29 28
435 386 889 17 16
436 302 356 14 25
437 8 513 27 13
438 75 364 20 20
439 970 336 16 20
440 440 63 29 22
441 795 752 14 25
442 331 787 26 19
443 378 53 23 11
444 444 840 16 7
445 806 89 21 29
446 236 496 29 10
447 879 556 17 15
448 631 800 14 23
449 540 388 14 12
450 859 629 22 28
451 103 348 15 27
452 310 22 22 12
453 542 99 23 22
454 63 505 29 15
455 333 479 23 23
456 60 132 22 24
457 297 220 27 22
458 331 560 10 25
459 583 665 17 29
460 512 786 14 20
461 962 432 11 10
462 951 374 14 22
463 169 275 29 20
464 428 624 19 26
465 145 203 29 29
466 96 211 29 21
467 211 921 15 12
468 520 787 11 10
469 710 330 17 17
470 248 403 10 29
471 393 900 16 26
472 949 206 22 27
473 170 348 13 12
474 878 703 20 10
475 488 481 20 28
476 929 447 13 23
477 246 389 14 28
478 611 956 28 11
479 397 934 20 15
480 948 476 25 25
481 184 760 15 25
482 260 100 22 23
483 577 336 25 21
484 359 261 19 10
485 876 803 28 18
486 941 128 19 20
487 248 378 10 26
488 36 431 19 29
489 742 561 11 17
490 862 65 19 19
491 252 102 19 21
492 957 321 28 21
493 331 444 27 21
494 576 784 20 21
495 597 487 22 27
496 302 651 20 15
497 392 749 25 24
498 266 419 14 26
499 201 959 25 11
500 854 445 29 15
501 514 580 19 29
502 37 722 13 29
503 206 567 18 13
504 822 346 18 29
505 738 329 17 21
506 834 365 14 14
507 826 877 15 18
508 23 271 23 16
509 12 534 27 20
510 568 232 14 22
511 939 816 25 16
512 464 603 11 17
513 28 274 14 11
514 801 204 29 23
515 837 542 18 22
516 469 909 20 10
517 666 396 21 10
518 615 698 25 11
519 606 351 16 11
520 937 408 26 21
521 207 244 14 24
522 772 697 10 15
523 350 762 29 19
524 344 417 15 15
525 286 192 23 20
526 359 764 15 16
527 456 857 25 28
528 828 654 20 23
529 768 802 27 24
530 523 917 26 13
531 371 30 18 11
532 11 281 20 15
533 805 924 29 11
534 25 196 29 20
535 562 588 13 18
536 385 738 22 24
537 139 38 10 12
538 436 546 24 15
539 300 335 22 28
540 361 676 24 20
541 742 427 16 29
542 814 217 25 26
543 859 36 15 14
544 323 238 19 12
545 661 60 21 28
546 236 394 22 12
547 337 14 14 17
548 917 686 12 14
549 927 130 26 19
550 125 672 18 22
551 516 687 19 16
552 664 519 18 13
553 255 99 16 12
554 461 281 23 21
555 684 676 20 15
556 258 731 28 12
557 847 983 21 13
558 984 318 11 14
559 439 923 5 5
560 178 330 20 20
561 962 946 18 24
562 649 813 12 26
563 16 252 27 24
564 13 942 12 25
565 189 484 13 11
566 959 104 20 23
567 300 246 19 25
568 840 258 14 16
569 754 738 10 7
570 878 921 23 18
571 417 540 14 12
572 232 661 27 12
573 554 758 12 17
574 955 173 16 18
575 438 579 21 11
576 571 740 24 29
577 218 912 16 25
578 667 63 25 18
579 683 642 16 24
580 308 115 14 28
581 419 4 27 26
582 812 249 29 29
583 818 442 16 19
584 453 136 27 27
585 17 202 15 23
586 65 834 24 19
587 810 752 28 22
588 54 892 14 20
589 372 134 11 17
590 203 845 19 15
591 109 491 26 13
592 118 7 19 22
593 871 113 21 25
594 52 311 24 23
595 254 222 25 24
596 787 893 24 11
597 442 435 20 19
598 586 439 14 17
599 37 114 20 17
600 108 168 19 25
601 146 187 14 16
602 201 576 17 23
603 387 759 21 11
604 861 520 10 20
605 834 801 16 14
606 909 568 13 21
607 111 947 27 21
608 326 584 13 26
609 312 235 25 17
610 734 267 17 21
611 168 259 14 21
612 753 541 20 17
613 83 879 20 13
614 778 695 20 20
615 601 859 29 14
616 48 115 12 18
617 472 455 11 25
618 436 918 12 15
619 118 655 17 29
620 375 418 13 14
621 32 503 14 24
622 562 463 13 20
623 883 444 10 28
624 948 256 26 15
625 710 715 14 19
626 86 858 26 22
627 211 220 24 16
628 159 626 17 29
629 747 9 22 10
630 203 254 22 27
631 52 677 12 29
632 233 163 3 5
633 880 694 16 28
634 778 65 3 7
635 608 625 21 12
636 198 350 29 25
637 428 836 29 21
638 39 778 16 26
639 234 106 17 16
640 130 453 17 12
641 51 602 29 26
642 425 545 16 26
643 553 554 29 12
644 822 108 19 20
645 472 260 27 18
646 731 173 17 21
647 532 360 12 22
648 583 801 13 19
649 558 595 20 16
650 226 895 11 28
651 956 243 12 20
652 156 596 14 14
653 426 189 21 10
654 425 45 25 17
655 461 715 19 21
656 659 925 13 17
657 312 762 21 24
658 868 50 15 24
659 388 168 15 17
660 945 704 20 29
661 587 761 12 22
662 182 816 27 22
663 251 226 22 14
664 609 160 24 26
665 437 877 11 11
666 41 261 23 14
667 977 31 10 29
668 22 180 13 11
669 830 797 12 15
670 785 441 15 26
671 647 247 12 27
672 447 594 23 10
673 817 607 26 19
674 627 862 20 10
675 391 43 16 29
676 601 955 12 26
677 748 870 16 11
678 857 484 16 22
679 953 719 19 23
680 525 922 19 4
681 689 525 18 23
682 462 97 26 13
683 138 670 13 19
684 750 114 20 27
685 492 311 11 21
686 624 497 24 13
687 754 432 15 19
688 201 563 10 17
689 581 106 10 26
690 300 936 21 19
691 558 409 27 10
692 105 467 13 14
693 57 178 12 10
694 585 440 23 14
695 204 664 24 18
696 350 922 26 20
697 40 909 26 17
698 253 619 10 13
699 811 485 16 22
700 373 26 16 22
701 461 667 25 10
702 313 408 27 16
703 787 464 28 27
704 970 481 25 10
705 383 758 17 20
706 848 310 19 26
707 384 23 21 10
708 797 288 11 23
709 35 794 11 14
710 264 207 18 22
711 214 606 20 15
712 347 339 28 15
713 421 766 13 25
714 837 583 13 15
715 89 28 13 15
716 150 793 21 17
717 455 451 19 22
718 461 371 26 28
719 99 261 15 13
720 815 402 10 17
721 298 936 14 22
722 938 748 26 27
723 557 263 29 10
724 611 746 11 22
725 0 437 28 25
726 466 697 10 29
727 656 115 21 23
728 865 971 23 26
729 943 740 11 27
730 581 751 22 25
731 810 205 12 10
732 178 76 14 14
733 335 593 12 24
734 194 559 10 19
735 186 63 14 22
736 227 591 15 17
737 730 751 12 18
738 679 497 18 29
739 792 15 6 19
740 229 313 7 10
741 802 209 17 27
742 890 971 14 13
743 551 256 18 17
744 206 745 19 16
745 299 954 14 17
746 217 573 13 11
747 919 305 27 22
748 530 33 28 27
749 703 373 29 29
750 149 142 27 21
751 721 285 12 15
752 389 7 25 26
753 812 241 24 21
754 450 144 14 16
755 647 895 15 25
756 556 173 24 27
757 159 261 23 22
758 33 455 12 13
759 338 325 14 15
760 567 77 13 22
761 339 821 29 11
762 328 488 4 3
763 14 180 11 27
764 274 254 27 21
765 796 747 17 23
766 528 451 25 17
767 196 796 10 21
768 48 391 12 19
769 644 484 11 14
770 293 777 19 22
771 657 82 28 20
772 734 962 22 25
773 455 95 13 14
774 440 198 27 28
775 581 742 28 25
776 450 48 13 17
777 956 246 26 28
778 110 500 14 19
779 666 908 19 13
780 709 234 21 13
781 98 814 18 27
782 32 182 27 28
783 519 457 28 13
784 477 840 29 18
785 826 564 26 24
786 351 425 13 17
787 311 927 21 17
788 524 477 22 15
789 257 267 22 25
790 85 525 19 18
791 364 586 16 15
792 14 72 15 25
793 877 378 13 21
794 519 232 18 17
795 15 570 17 21
796 793 563 25 20
797 823 758 15 20
798 617 269 11 16
799 430 930 27 26
800 325 14 18 26
801 28 883 17 16
802 843 585 15 16
803 572 673 26 21
804 668 135 28 19
805 309 31 21 18
806 731 740 24 22
807 776 59 27 20
808 716 701 22 28
809 685 811 15 18
810 625 662 12 25
811 447 684 26 26
812 591 73 17 25
813 853 307 25 13
814 648 372 14 23
815 282 967 22 20
816 654 22 25 21
817 151 498 11 19
818 349 650 12 28
819 841 129 16 28
820 886 967 14 10
821 127 54 27 26
822 86 586 20 11
823 553 304 18 20
824 185 543 16 26
825 251 363 3 4
826 286 716 23 25
827 617 344 24 22
828 620 163 9 5
829 535 476 24 13
830 636 285 26 19
831 929 321 11 25
832 8 8 14 28
833 243 614 12 11
834 972 249 11 16
835 296 268 13 15
836 208 644 29 23
837 859 385 28 16
838 603 350 29 20
839 442 827 22 25
840 339 588 20 19
841 310 81 23 16
842 403 718 16 16
843 315 771 18 12
844 644 80 29 15
845 573 80 25 13
846 740 550 16 20
847 127 437 19 14
848 121 483 11 26
849 471 603 14 13
850 341 504 18 21
851 983 308 16 23
852 455 45 24 29
853 13 12 10 20
854 610 33 26 23
855 427 6 12 22
856 951 182 12 14
857 564 245 15 12
858 640 50 27 18
859 46 915 10 26
860 133 753 21 28
861 590 251 13 14
862 866 531 26 13
863 560 408 15 18
864 133 764 15 28
865 395 455 28 27
866 170 805 14 18
867 216 253 11 28
868 741 862 21 17
869 342 832 25 13
870 691 529 13 3
871 93 372 21 24
872 431 458 29 12
873 242 650 10 14
874 35 920 12 10
875 804 300 17 22
876 890 720 16 23
877 219 136 14 24
878 276 507 21 13
879 670 847 28 28
880 597 19 18 27
881 326 483 29 12
882 430 202 15 18
883 124 204 28 21
884 747 605 28 19
885 379 926 10 13
886 314 33 27 11
887 622 964 19 22
888 761 894 13 19
889 241 772 10 23
890 662 655 28 26
891 805 290 22 12
892 444 638 22 29
893 865 769 19 18
894 67 661 27 22
895 179 758 23 20
896 227 188 17 27
897 307 400 14 23
898 375 768 13 16
899 806 924 21 11
900 192 412 18 10
901 965 338 13 15
902 528 793 26 17
903 822 225 25 26
904 488 902 19 17
905 835 347 20 20
906 799 393 25 20
907 652 290 15 23
908 313 30 18 21
909 389 445 29 22
910 470 52 21 11
911 554 401 15 20
912 612 887 21 22
913 833 990 27 10
914 127 125 25 24
915 78 867 23 26
916 13 144 20 19
917 945 314 20 13
918 525 33 29 26
919 110 830 21 15
920 703 65 24 20
921 936 443 19 25
922 383 526 19 19
923 869 135 17 15
924 950 454 10 24
925 84 724 13 8
926 754 258 17 13
927 941 351 27 20
928 971 344 25 16
929 452 811 19 16
930 656 29 9 5
931 520 16 3 3
932 65 143 12 9
933 804 121 21 19
934 134 150 10 16
935 11 234 23 17
936 786 95 21 10
937 466 190 23 22
938 624 952 12 26
939 406 27 29 26
940 39 251 25 27
941 198 389 13 25
942 846 2 22 29
943 840 349 13 21
944 495 183 18 29
945 661 305 14 19
946 575 197 10 21
947 557 521 18 17
948 401 755 24 13
949 519 48 15 27
950 590 727 10 26
951 262 968 16 14
952 177 795 12 13
953 211 893 25 22
954 85 514 14 19
955 524 430 25 21
956 836 805 9 6
957 300 14 17 28
958 219 699 20 11
959 310 43 19 16
960 117 379 10 29
961 530 774 22 25
962 843 584 19 13
963 425 711 10 10
964 271 975 15 11
965 879 445 10 11
966 433 341 19 16
967 29 425 20 24
968 247 361 11 19
969 251 478 21 22
970 730 781 17 24
971 38 803 25 29
972 654 257 16 29
973 283 215 25 14
974 198 692 14 28
975 384 394 19 13
976 639 148 14 28
977 597 299 29 16
978 748 803 27 12
979 59 573 19 23
980 313 133 26 12
981 342 481 12 18
982 207 794 26 15
983 47 286 27 27
984 88 663 11 17
985 723 747 13 17
986 299 716 18 22
987 827 893 21 21
988 482 396 28 28
989 170 364 29 12
990 973 342 25 10
991 879 356 23 28
992 435 352 21 16
993 432 290 17 29
994 770 16 25 26
995 39 687 21 23
996 148 600 10 13
997 279 787 28 22
998 137 310 29 14
999 867 554 25 26
1000 949 341 29 13
1001 931 220 23 18
1002 394 527 15 13
1003 914 429 19 12
1004 116 315 23 18
1005 27 698 13 22
1006 872 814 21 18
1007 618 470 13 22
1008 274 708 13 23
1009 869 684 23 27
1010 455 560 23 26
1011 668 923 10 16
1012 863 65 17 27
1013 143 179 12 28
1014 793 136 25 23
1015 14 850 27 12
1016 715 326 19 14
1017 58 834 13 28
1018 657 895 25 16
1019 870 752 26 23
1020 846 137 26 23
1021 877 761 22 23
1022 527 234 29 13
1023 396 522 20 26
1024 919 416 13 29
1025 63 549 29 23
1026 906 305 26 16
1027 91 849 14 16
1028 625 658 15 18
1029 77 721 29 15
1030 958 815 13 14
1031 527 104 11 12
1032 447 515 26 17
1033 610 976 19 21
1034 711 174 21 11
1035 235 595 13 19
1036 750 871 26 17
1037 253 593 13 19
1038 375 660 20 25
1039 10 131 7 8
1040 939 344 23 11
1041 339 897 12 26
1042 602 293 10 26
1043 263 352 15 25
1044 655 131 22 13
1045 95 257 21 28
1046 527 107 26 14
1047 124 284 17 16
1048 589 788 29 22
1049 754 342 10 21
1050 823 84 19 21
1051 506 657 21 23
1052 917 933 17 28
1053 307 596 27 13
1054 239 570 18 22
1055 251 652 14 28
1056 47 556 13 20
1057 106 335 29 21
1058 286 262 19 29
1059 658 641 26 10
1060 888 498 13 16
1061 294 574 14 25
1062 15 889 28 12
1063 56 390 11 20
1064 497 322 12 16
1065 35 165 15 3
1066 353 435 12 10
1067 857 55 16 15
1068 234 609 27 20
1069 269 204 10 27
1070 659 655 22 15
1071 499 662 22 28
1072 649 902 9 11
1073 817 482 16 20
1074 418 795 25 20
1075 813 904 10 25
1076 773 609 21 22
1077 450 735 21 16
1078 739 170 24 10
1079 249 103 14 11
1080 241 909 24 14
1081 122 231 27 26
1082 48 734 11 19
1083 823 743 19 18
1084 142 679 18 10
1085 565 850 16 11
1086 263 603 4 7
1087 970 709 15 15
1088 42 840 15 24
1089 949 723 13 21
1090 781 483 23 28
1091 329 241 26 10
1092 531 220 29 26
1093 880 740 29 11
1094 277 313 10 14
1095 540 57 26 24
1096 830 659 18 28
1097 374 606 12 26
1098 636 63 28 11
1099 933 905 19 13
1100 429 586 17 20
1101 131 113 14 22
1102 340 819 13 24
1103 761 58 16 21
1104 760 355 9 10
1105 231 84 14 29
1106 638 367 28 25
1107 770 261 12 19
1108 367 797 18 23
1109 530 348 18 19
1110 568 717 19 24
1111 467 725 14 16
1112 14 175 27 20
1113 439 539 22 28
1114 202 565 20 23
1115 974 280 25 23
1116 528 527 18 17
1117 547 332 10 23
1118 91 584 13 10
1119 828 366 10 28
1120 86 842 29 28
1121 437 1 25 17
1122 358 401 22 23
1123 468 822 26 16
1124 58 844 13 26
1125 288 705 17 11
1126 322 540 27 27
1127 628 838 24 23
1128 469 502 26 10
1129 937 336 29 22
1130 615 676 15 13
1131 502 687 23 14
1132 235 706 15 25
1133 369 36 11 28
1134 98 720 22 13
1135 465 464 27 14
1136 828 202 21 20
1137 721 441 16 28
1138 69 482 16 10
1139 105 755 23 21
1140 105 438 26 13
1141 846 630 20 13
1142 612 19 25 14
1143 618 613 16 13
1144 491 174 29 20
1145 388 399 11 16
1146 232 53 19 13
1147 493 580 11 14
1148 820 76 13 28
1149 283 103 28 11
1150 332 749 29 19
1151 288 269 20 18
1152 225 305 26 25
1153 640 801 16 17
1154 301 161 25 23
1155 505 103 29 25
1156 179 526 15 23
1157 937 318 26 19
1158 452 605 20 11
1159 895 672 21 29
1160 192 740 20 15
1161 347 537 13 11
1162 633 181 13 23
1163 575 914 17 21
1164 793 401 23 20
1165 296 801 15 29
1166 949 398 22 12
1167 49 225 16 10
1168 283 513 8 3
1169 456 497 16 15
1170 105 452 15 17
1171 170 966 11 24
1172 574 795 12 19
1173 745 14 22 23
1174 255 310 18 14
1175 17 326 24 26
1176 735 687 25 20
1177 764 883 29 15
1178 602 572 18 26
1179 666 916 15 12
1180 246 762 18 28
1181 202 451 14 20
1182 560 801 25 10
1183 817 767 22 11
1184 814 313 17 13
1185 44 613 10 24
1186 503 441 27 10
1187 484 374 18 16
1188 815 724 29 19
1189 923 702 25 21
1190 408 25 14 15
1191 590 710 17 16
1192 4 321 20 15
1193 723 759 24 25
1194 248 761 28 28
1195 246 572 26 21
1196 434 463 25 10
1197 342 661 18 16
1198 699 817 23 15
1199 646 371 10 27
1200 30 388 24 13
1201 50 876 11 19
1202 11 849 11 20
1203 360 922 23 27
1204 532 218 18 27
1205 588 718 19 18
1206 197 491 20 14
1207 0 547 15 19
1208 233 556 17 22
1209 560 172 20 16
1210 806 284 15 12
1211 632 674 27 13
1212 53 846 29 22
1213 126 770 13 18
1214 859 429 19 28
1215 221 719 13 10
1216 209 400 26 21
1217 348 934 12 26
1218 949 447 24 24
1219 521 367 28 10
1220 369 659 24 22
1221 473 6 27 21
1222 532 686 15 21
1223 609 960 17 24
1224 475 548 12 24
1225 712 278 27 16
1226 33 162 21 11
1227 3 866 20 20
1228 785 73 14 26
1229 130 179 25 29
1230 209 540 25 28
1231 220 27 13 17
1232 948 474 18 28
1233 647 228 21 21
1234 362 797 25 11
1235 966 265 16 13
1236 412 50 22 17
1237 779 552 21 24
1238 760 63 26 21
1239 52 70 29 23
1240 47 15 29 10
1241 956 575 20 19
1242 760 536 19 24
1243 635 702 16 19
1244 892 166 28 16
1245 0 430 27 19
1246 883 387 10 10
1247 88 666 11 19
1248 640 250 16 20
1249 21 220 26 15
1250 976 55 14 15
1251 728 372 19 12
1252 14 937 13 11
1253 655 125 25 11
1254 617 346 15 27
1255 943 383 28 10
1256 951 221 29 23
1257 482 662 16 28
1258 806 546 15 26
1259 370 604 23 13
1260 120 643 10 22
1261 98 447 20 23
1262 764 800 24 20
1263 427 192 16 23
1264 115 720 16 13
1265 257 945 14 14
1266 511 445 18 26
1267 633 221 29 16
1268 615 819 28 28
1269 89 311 19 14
1270 231 825 28 17
1271 133 0 29 22
1272 220 822 13 18
1273 699 690 23 10
1274 91 441 22 20
1275 213 788 22 19
1276 873 458 19 28
1277 459 490 23 17
1278 215 963 28 23
1279 56 12 22 28
1280 644 937 17 26
1281 613 397 17 20
1282 559 468 15 14
1283 642 244 17 10
1284 140 779 14 22
1285 232 313 25 18
1286 614 737 22 29
1287 790 187 23 20
1288 166 537 24 23
1289 954 368 15 17
1290 294 957 11 16
1291 95 170 25 12
1292 208 831 20 20
1293 915 752 24 21
1294 790 497 28 10
1295 214 12 18 29
1296 872 20 22 24
1297 84 24 20 22
1298 72 859 10 23
1299 414 871 29 11
1300 148 534 12 13
1301 883 17 25 23
1302 95 854 28 17
1303 264 878 14 10
1304 257 942 23 15
1305 400 523 25 10
1306 125 555 17 20
1307 913 427 19 17
1308 890 502 7 3
1309 868 445 24 28
1310 820 759 25 10
1311 643 82 21 21
1312 249 117 22 27
1313 320 935 29 19
1314 376 492 27 25
1315 467 666 11 27
1316 608 583 20 25
1317 445 672 12 19
1318 428 284 25 21
1319 286 411 18 17
1320 81 539 18 27
1321 600 969 20 23
1322 358 571 11 19
1323 594 348 13 16
1324 401 337 13 18
1325 45 843 16 22
1326 18 80 16 26
1327 946 465 12 21
1328 10 206 18 26
1329 178 967 24 17
1330 722 531 17 28
1331 415 525 29 24
1332 376 90 14 14
1333 103 530 10 21
1334 958 103 28 18
1335 893 579 22 15
1336 913 924 10 20
1337 272 436 20 29
1338 823 63 17 29
1339 2 495 13 16
1340 202 2 22 26
1341 268 735 14 14
1342 261 628 19 26
1343 672 888 16 15
1344 884 17 27 11
1345 318 911 22 25
1346 433 843 20 20
1347 796 526 28 18