0 -> 1
1 -> 4
4 -> 5, 6, 7
5 -> 6, 7
6 -> 7
7 -> 10
10 -> 11, 12
11 -> 12
12 -> 15
15 -> 16
16 -> 19
19 -> 22
22


(0), 1, 4, 5, 6, 7, 10, 11, 12, 15, 16, 19, (22)
(0), 1, 4, 5, 6, 7, 10,     12, 15, 16, 19, (22)
(0), 1, 4, 5,    7, 10, 11, 12, 15, 16, 19, (22)
(0), 1, 4, 5,    7, 10,     12, 15, 16, 19, (22)
(0), 1, 4,    6, 7, 10, 11, 12, 15, 16, 19, (22)
(0), 1, 4,    6, 7, 10,     12, 15, 16, 19, (22)
(0), 1, 4,       7, 10, 11, 12, 15, 16, 19, (22)
(0), 1, 4,       7, 10,     12, 15, 16, 19, (22)
